Total number of Triangles: 12

//Ground
0.0 0.0   -6.0 0.0 -6.0
0.0 0.0   -6.0 0.0 6.0
0.0 0.0   6.0 0.0 6.0
0.0 0.0   -6.0 0.0 -6.0
0.0 0.0   6.0 0.0 -6.0
0.0 0.0   6.0 0.0 6.0

//Ceiling
0.0 0.0   -6.0 2.0 -6.0
0.0 0.0   -6.0 2.0 6.0
0.0 0.0   6.0 2.0 6.0
0.0 0.0   -6.0 2.0 -6.0
0.0 0.0   6.0 2.0 -6.0
0.0 0.0   6.0 2.0 6.0

//Front Wall
0.0 0.0   6.0 0.0 6.0
0.0 0.0   -6.0 0.0 6.0
0.0 0.0   -6.0 2.0 6.0
0.0 0.0   6.0 0.0 6.0
0.0 0.0   6.0 2.0 6.0
0.0 0.0   -6.0 2.0 6.0

//Back Wall
0.0 0.0   6.0 0.0 -6.0
0.0 0.0   -6.0 0.0 -6.0
0.0 0.0   -6.0 2.0 -6.0
0.0 0.0   6.0 0.0 -6.0
0.0 0.0   6.0 2.0 -6.0
0.0 0.0   -6.0 2.0 -6.0

//Left Wall
0.0 0.0   -6.0 0.0 6.0
0.0 0.0   -6.0 0.0 -6.0
0.0 0.0   -6.0 2.0 -6.0
0.0 0.0   -6.0 0.0 6.0
0.0 0.0   -6.0 2.0 6.0
0.0 0.0   -6.0 2.0 -6.0

//Right Wall
0.0 0.0   6.0 0.0 -6.0
0.0 0.0   6.0 0.0 6.0
0.0 0.0   6.0 2.0 6.0
0.0 0.0   6.0 0.0 -6.0
0.0 0.0   6.0 2.0 -6.0
0.0 0.0   6.0 2.0 6.0